-245.08065096900623
-742.7729221495802
6.0
0.0
1.9084900560556388
1458.9657040569496
-1320.505332359582
6.0
0.0
1.9771677849274831
282.97599029928415
-661.8222638027229
6.0
0.0
1.8132273373748333
716.1724063056618
-1038.0839837749957
6.0
0.0
1.0919693455938217
864.9473723571946
-549.7834897504844
6.0
0.0
3.5708484460965244
578.8698394417193
689.6675947507192
6.0
0.0
1.7059410233479317
1444.970770858536
-1312.376689389433
6.0
0.0
3.4516683784379167
-341.8736788433391
-808.8229603152628
6.0
1.0
1.4305981318066694
-424.52392523454114
-108.12912452941396
6.0
1.0
3.1371182942704383
247.44091999670286
253.68406903922005
6.0
1.0
1.2006074963449689
436.6992982282761
1206.2906766490896
6.0
1.0
3.6474227547949876
-78.9407375488579
49.942265804207864
6.0
1.0
3.00273559427683
-649.4453846950672
-442.7057017298987
6.0
1.0
2.6687244194558777
-984.1763356157763
64.27226141779056
6.0
1.0
3.7011194420173292
