-1428.7133022311575 -894.6480596907048 0.0, -1487.753805923485 -1100.1690261197664 0.0
637.0480903272378 -36.57158020701604 0.0, 541.7200113133065 -283.14143819263654 0.0, 775.1490605616136 -388.44328336394733 0.0, 825.7442234086066 60.14829083308496 0.0
-929.3211132160154 266.1425911042627 0.0, -821.1072058243674 340.1214038615251 0.0, -1122.2236403279508 96.12632340255482 0.0
137.33425437079768 1293.2524139710686 0.0, 407.5940134351415 1371.8139717213348 0.0, 290.714800125495 1014.0828427768442 0.0
-1250.5704177624173 516.0085901775087 0.0, -1145.5046644984845 473.645893002335 0.0, -1433.6045337821527 538.2929265866537 0.0
1183.4043657472598 -819.8574481909193 0.0, 1136.1306964586643 -999.4383521040716 0.0, 1004.6004537204826 -614.6379600220394 0.0
-199.5276894083372 -461.793941659673 0.0, -46.655194775938526 -105.21411466337327 0.0
-736.473674509005 1142.7054205032864 0.0, -692.7586472274354 1085.7869354677673 0.0, -791.5435804515323 1184.098768262667 0.0, -805.7540554781239 1006.1006165934423 0.0
-492.86663892262106 -1245.9622125854933 0.0, -749.2379394534346 -1293.4076032845342 0.0
584.0530541548255 491.93758138724866 0.0, 861.0194205294179 655.0976011078283 0.0
