731.4859962014298 -515.198657818542 0.0, 699.0795791109003 -403.94219361585215 0.0, 748.0113249026085 -645.1947253227444 0.0, 572.3597192279835 -311.3362864880421 0.0
512.4868883961535 -783.5416725991818 0.0, 515.7736724371887 -691.8674730059741 0.0, 156.28254394792634 -865.8907915314687 0.0
-1479.4528475241455 939.070852067619 0.0
405.72570297708535 233.4561497785396 0.0, 252.61190229980753 257.90821408217107 0.0, 294.8846455182129 -2.2600827351182033 0.0
-319.4718270726487 -1137.9851080057529 0.0, -512.2428757233646 -873.6927270363949 0.0
607.7513455302483 665.1668273680311 0.0, 761.7191117837692 533.8730211193665 0.0, 230.53995634831404 701.8274029603876 0.0
-790.9783576027581 -61.749170880984366 0.0, -961.7086549531019 58.553461980010525 0.0, -725.8708470189464 -62.26846227184842 0.0, -1159.73922204481 -222.78954275132241 0.0
-904.8642020268625 778.1694147592107 0.0, -769.7495835581705 869.4985064402299 0.0, -1002.7415336440722 592.5970642267816 0.0
-52.986241510905074 1440.8746750905161 0.0, 276.107814497851 1311.5628218999777 0.0
-377.1361688890954 294.5122036606208 0.0, -424.76365842475434 287.26659295309105 0.0, -275.2491848686416 524.8848397475842 0.0
